9780061252792
9780073293493
9780132417037
9780133780581
9780134170428
9780134184241
9780135111499
9780140184211
9780140448061
9780143121893
9780143130444
9780190200497
9780190296902
9780190616892
9780190639341
9780192510334
9780195316919
9780195324969
9780195328370
9780195336658
9780195384819
9780195384857
9780195393538
9780198719045
9780199301119
9780199340484
9780199574391
9780199782864
9780199811311
9780199840922
9780199844784
9780199855766
9780199985173
9780201656428
9780205511860
9780205609994
9780205616718
9780226427171
9780226467412
9780226734774
9780226816319
9780226849645
9780230250239
9780231128865
9780231163194
9780252039287
9780252080074
9780253015570
9780253211767
9780253221636
9780262012614
9780262012638
9780262018692
9780275989101
9780295981444
9780300126549
9780300141986
9780300195446
9780300218688
9780300222814
9780307269065
9780312091149
9780313387494
9780321795731
9780321898685
9780387288710
9780387293677
9780387776439
9780387951164
9780393265002
9780393639322
9780393919172
9780393935073
9780394588841
9780415164238
9780415439725
9780415879545
9780415892155
9780465064946
9780470017678
9780470398555
9780471262862
9780471356059
9780471842378
9780472069040
9780472119264
9780495012016
9780511354496
9780520244184
9780520256361
9780520266414
9780520267060
9780520268517
9780520271777
9780520280489
9780520280595
9780520283152
9780520292390
9780520292543
9780521275156
9780521452861
9780521459105
9780521527316
9780521615617
9780521748230
9780521858113
9780521891271
9780525574460
9780545423038
9780553375404
9780631221616
9780670021079
9780670025855
9780670038527
9780674018853
9780674106536
9780674286092
9780674737235
9780674971929
9780674979529
9780679740483
9780691058979
9780691135984
9780691137087
9780691139999
9780691176949
9780735679665
9780745642741
9780750682541
9780802150844
9780804775670
9780807001141
9780809016464
9780810106079
9780810393783
9780810861015
9780813348964
9780813530253
9780813538976
9780813918921
9780813919379
9780816614394
9780817358938
9780819568342
9780821413302
9780822318484
9780822329961
9780822339229
9780822344667
9780822347972
9780822354253
9780826323972
9780826464637
9780827066564
9780838910801
9780838986127
9780849379819
9780865717756
9780872292130
9780873226233
9780877226550
9780878935987
9780881333671
9780890300480
9780892368228
9780906097496
9780940139466
9780964031784
9781107003422
9781108428262
9781111426200
9781133606512
9781138183773
9781138838055
9781285061429
9781305577213
9781319156275
9781337444668
9781416553199
9781429209007
9781433805615
9781442232860
9781454882114
9781469632070
9781477308042
9781479803286
9781479826940
9781524936334
9781533905871
9781554811076
9781554813315
9781563479533
9781566397766
9781568590783
9781570039317
9781577663676
9781579224813
9781580084161
9781580461948
9781580465342
9781583943977
9781585679553
9781588268280
9781591583745
9781596914445
9781597181112
9781605356051
9781610699983
9781634000185
9781781681237
9781785609688
9781844677429
9781846590320
9781847206459
9781856047463
9781881883142
9781904201083
9781931666121
9781937290023
9783540306634
9789042022577
9789766405519
9790041213293